1.0316250704067695
0.4057364039288591
0.3522054733477681
0.28571033126888506
0.24241732279343775
0.23509221514647335
0.2594615347443457
0.22806502099489243
0.20983636722546742
0.19289630997900475
0.18107263315219316
0.17598502106060734
0.17667527233455876
0.18408112443377786
0.16458366052847984
0.17189091492196865
0.1687389412036801
0.15423980136596227
0.15681399750322372
0.16787937314278328
0.16246105518498047
0.165273038172303
0.17739078835952143
0.15512341690101225
0.1436817952005254
0.17338938260929626
0.15602060241351193
0.161901440986507
0.1532903195532714
0.13794773555736925
0.14463597035469247
0.14860806548231748
0.14442467545631604
0.1431900670780733
0.14679012664158064
0.13092199168788532
0.14657659142527898
0.14747409450511578
0.127934814909863
0.14064940455389383
0.11931867642698198
0.14764226065297506
0.1133834365035098
0.1276607457753382
0.12870349009494153
0.14634534539314606
0.1306803748033709
0.13081687919425558
0.12892864431502118
0.13560380861287782
0.13051529410803814
0.13902174177569845
0.13451762964663805
0.13935213477132774
0.14428791437550012
0.14524835571256653
0.12723596897685957
0.12570076654173273
0.1333967453448371
0.12458861648981165
0.12648343854853256
0.13005339800112264
0.1332770819468626
0.11478458734098196
0.1306624531406075
0.12650774122526987
0.1265999602504024
0.11961904889525854
0.1460205356891976
0.12839278938719656
0.1375074689905946
0.12486253945631834
0.11128083790727372
0.12210117196542325
0.12465363117282194
0.11316970391732933
0.1271446561002989
0.11570149591342437
0.12557905428678884
0.11576280625876503
0.11349148947473979
0.12350941540572972
0.10699113343268844
0.1469878943575006
0.11379994014849372
0.11995175293556255
0.1231890220553517
0.11467859497449645
0.1273963762968888
0.12021730445768641
0.12059235086052501
0.1291480589537944
0.11938515298930939
0.12165689508329834
0.11167026430370493
0.1144515462759771
0.11303458563743772
0.11886709189565514
0.1275375097341118
0.12331376691666963