4.013951752475649
2.6007630303847344
0.9499597947851915
0.44689779435799654
0.40564860882015
0.24560017924282432
0.27056099037798303
0.19132446834015135
0.22582947598524222
0.18035308435684635
0.1868570766067972
0.15509932099320525
0.17308549431338396
0.17158757588367737
0.1549868107323755
0.12807209131054698
0.14013791711224025
0.12058346419700836
0.13806991202804633
0.14359360329722753
0.14917577188958994
0.15333334734643772
0.13318001106859678
0.12305142540713017
0.12391402647272316
0.15582046920159678
0.11843398190664324
0.11936924042965487
0.12635836368711764
0.12320669581455301
0.11883048183667515
0.1362653949376055
0.12354524139434905
0.1157035952866904
0.12849277113208163
0.10724278549705396
0.12930935337843663
0.12050177755660098
0.1290050093304187
0.11226226053965595
0.10039180022603954
0.11675217228698398
0.0944746894570718
0.10831520350242445
0.10172126170285507
0.11404477749286972
0.11487431522169393
0.10782231548796434
0.10103397037487102
0.10603355573446882
0.10260393118306539
0.11434031352351032
0.10630280140069655
0.0979499730003185
0.1100869140029794
0.10718149926237194
0.10652921075227258
0.10422400677630975
0.1102209264203024
0.10415175032123704
0.10543934580728281
0.11110856542229311
0.10463035956906905
0.09764594910054585
0.10492500745307151
0.11687775174944486
0.1019046883084198
0.09644145692311695
0.10255623671631567
0.09939857645284521
0.10176076036961926
0.09392477386831616
0.09617586081284986
0.10222803969954192
0.11161092578087926
0.09673182278199073
0.10583491908388434
0.10437550718127507
0.1096181680369117
0.10878701525971086
0.09242439633993377
0.10376648194525491
0.10519688573252052
0.10661420377094882
0.08350631131863723
0.09079560644900934
0.1114447615426733
0.0923464583932319
0.1001318355124841
0.09546945560638595
0.09969746188399949
0.09004656794825257
0.09720874030997148
0.09249396599666108
0.09053088982457667
0.10352770372524914
0.086079954147813
0.09911362733880866
0.10503173867425367
0.09584154841289953