0.16182444434147322
0.1786756869468514
0.1816933877021454
0.18360672196221986
0.18652788718471494
0.1890262267735508
0.17814860293776932
0.1870279412446133
0.18923474352439645
0.18312983643019323
0.1906866379376921
0.1828131998826128
0.328745964814729
0.3236334429976986
0.36872905178938264
0.34200415488933167
0.3560655205968213
0.35497659978684953
0.359641196731693
0.3633887061149468
0.36989906244690546
0.2886798572818683
0.3734612236071853
0.3688062802156218
0.37345157005390545
0.3795159322243331
0.37295344670466307
0.37565258020172065
0.3819061520164342
0.40641073166211017
0.474520411473055
0.5187529926015167
0.5293738319200532
0.520691426100119
0.5404696260599602
0.5379133651514449
0.5401954651468113
0.551667747864634
0.5501309021824753
0.5533262283181193
0.5502853590349536
0.5470321115796303
0.5554094651159198
0.5542664844075808
0.5558805585159785
0.5545387146100736
0.5566161592759062
0.5602478260198014
0.5620337333765812
0.5590063790680073
0.5562145714594628
0.5616031849002981
0.5586067219622198
0.5637984029161454
0.562937305963579
0.8481341612220626
0.8915751509815733
0.9064396923219499
0.898608729901302
0.9126507885022319
0.8933417512317934
0.9252679826390497
0.9261734859367036
0.9224047387362341
0.9287432618198106
0.932979240999027
0.9267951747679286
0.9355799082526296
0.9288204902460497
0.9332205798310242
0.9234550453330862
0.939895046568741
0.9444495930061937
0.940704014333596
0.9449979148324915
0.943627110266747
0.9417948658542237
0.9408623326073862
0.9450191526497073
0.9427042305731894
0.9456099501104367
0.9444997914832491
0.9461717869113263
0.9459072795514573
0.942742844786309
0.9514908947685464
0.9488284447739525
0.9501760808118253
0.9500254853806589
0.9524543193858795
0.9515353011136339
0.9507668782725546
0.951442627002147
0.9501606351265773
0.9526203605022937
0.9542460188746273
0.9538116089770323
0.9551341457763773
0.9545781011074557
0.9523944673555442

0.1642494169253819
0.18018936410113834
0.18376504023601006
0.1851474290656905
0.18790448388242745
0.19052252753193397
0.18005035293390792
0.18856864834808396
0.1907233214401557
0.18469178135087963
0.19224472143706656
0.1838499915048731
0.3302210277558964
0.3249540490863877
0.3697697048329549
0.34314906630832676
0.35714285714285715
0.35625473024110715
0.36066447337936147
0.36463401448805277
0.3712061535610027
0.28839411210478355
0.3746119271581484
0.37016356980677445
0.3747586611680027
0.3803422763850918
0.37400954543348314
0.37692877994532226
0.3833155707952983
0.4067775666867461
0.47497798989852186
0.5192067096056716
0.5296325471479543
0.5206122669632238
0.5411473055002085
0.5384983704802063
0.540838391795252
0.5520519592851737
0.5506541247702454
0.5534343481148541
0.5501984770554346
0.547503204979689
0.5555504069938063
0.554245246590365
0.5561605115610954
0.554863074000278
0.5571026983612128
0.5602613409943932
0.5620375947978932
0.5590643003876867
0.5562763542004541
0.5619217521585345
0.5586472668859954
0.5639374140833758
0.5630415643390019
0.848099408430255
0.8912778215405527
0.9056654773489026
0.8981279829479635
0.9117047402808025
0.8917257464127396
0.9233507869576634
0.9236210864495004
0.9202925412785938
0.9271427026860046
0.9307878844044916
0.9248644641119503
0.9330815686637938
0.9257448681710764
0.9309577869422176
0.920902645845883
0.9370047727167415
0.9416848153468329
0.9375608173856633
0.9414840214386111
0.9408893625565699
0.9387733036776177
0.9380550793135938
0.9422794742288741
0.9397232133203589
0.9424416539239764
0.9412677818451416
0.9425961107764546
0.9431444326027524
0.939630539208872
0.9483650742165176
0.9458010904653785
0.9466583259966328
0.9471603107671872
0.9492300325903958
0.9479943777705698
0.9476854640656133
0.9487512163477133
0.9474537787868959
0.949484886396985
0.9511684660889981
0.9504039046692306
0.9516858965448002
0.9510371777643916
0.9492068640625241